name: E:\WorkSpace\python\Quanter\xquant\.conda
channels:
  - conda-forge
  - defaults
dependencies:
  - bzip2=1.0.8=h8ffe710_4
  - ca-certificates=2022.9.24=h5b45459_0
  - expat=2.5.0=h1537add_0
  - libffi=3.4.2=h8ffe710_5
  - libsqlite=3.40.0=hcfcfb64_0
  - libzlib=1.2.13=hcfcfb64_4
  - openssl=3.0.7=hcfcfb64_0
  - pypy3.9=7.3.9=h994e1e7_6
  - sqlite=3.40.0=hcfcfb64_0
  - tk=8.6.12=h8ffe710_0
  - tzdata=2022f=h191b570_0
  - ucrt=10.0.22621.0=h57928b3_0
  - vc=14.3=h3d8a991_9
  - vs2015_runtime=14.32.31332=h1d6e394_9
  - xz=5.2.6=h8d14728_0
  - zlib=1.2.13=hcfcfb64_4
prefix: E:\WorkSpace\python\Quanter\xquant\.conda
